,Player A,Player C,Player B
0,1,0,0
1,0,1,1
2,2,1,1
3,2,3,3
4,6,5,5
5,10,11,11
6,22,21,21
7,42,43,43
8,86,85,85
9,170,171,171
10,342,341,341
11,682,683,683
12,1366,1365,1365
13,2730,2731,2731
14,5462,5461,5461
15,10922,10923,10923
16,21846,21845,21845
17,43690,43691,43691
18,87382,87381,87381
19,174762,174763,174763
20,349526,349525,349525
